A=22.6
B=13.500000000000002
C=4.950000000000001
C1=49.50000000000001
